    1
   33    1    1    1
    1 0.0264 0.0285 0.0288 0.0284 0.0275 0.0260 0.0248 0.0243 0.0246 0.0256 0.0265 0.0268 0.0245 0.0085
    2 0.0267 0.0288 0.0291 0.0287 0.0278 0.0263 0.0250 0.0245 0.0249 0.0258 0.0268 0.0270 0.0247 0.0086
    3 0.0274 0.0296 0.0299 0.0294 0.0285 0.0269 0.0257 0.0251 0.0255 0.0265 0.0275 0.0277 0.0253 0.0088
    4 0.0280 0.0302 0.0305 0.0300 0.0291 0.0275 0.0262 0.0257 0.0261 0.0271 0.0281 0.0283 0.0259 0.0090
    5 0.0287 0.0310 0.0313 0.0308 0.0298 0.0282 0.0269 0.0263 0.0267 0.0277 0.0288 0.0291 0.0266 0.0092
    6 0.0294 0.0317 0.0320 0.0315 0.0305 0.0289 0.0275 0.0270 0.0274 0.0284 0.0295 0.0297 0.0272 0.0094
    7 0.0302 0.0326 0.0329 0.0324 0.0313 0.0296 0.0282 0.0277 0.0281 0.0292 0.0303 0.0305 0.0279 0.0097
    8 0.0626 0.0675 0.0682 0.0671 0.0650 0.0615 0.0586 0.0574 0.0583 0.0605 0.0628 0.0633 0.0579 0.0201
    9 0.0660 0.0712 0.0720 0.0708 0.0686 0.0649 0.0618 0.0606 0.0615 0.0638 0.0663 0.0668 0.0611 0.0212
   10 0.0702 0.0758 0.0765 0.0753 0.0730 0.0690 0.0657 0.0644 0.0654 0.0679 0.0705 0.0711 0.0649 0.0226
   11 0.0757 0.0817 0.0826 0.0812 0.0787 0.0744 0.0709 0.0695 0.0706 0.0732 0.0760 0.0767 0.0701 0.0243
   12 0.0000 0.0000 0.0000 0.0000 0.0000 0.0000 0.0000 0.0000 0.0000 0.0000 0.0000 0.0000 0.0000 0.0000
   13 0.0000 0.0000 0.0000 0.0000 0.0000 0.0000 0.0000 0.0000 0.0000 0.0000 0.0000 0.0000 0.0000 0.0000
   14 0.0000 0.0000 0.0000 0.0000 0.0000 0.0000 0.0000 0.0000 0.0000 0.0000 0.0000 0.0000 0.0000 0.0000
   15 0.0000 0.0000 0.0000 0.0000 0.0000 0.0000 0.0000 0.0000 0.0000 0.0000 0.0000 0.0000 0.0000 0.0000
   16 0.0000 0.0000 0.0000 0.0000 0.0000 0.0000 0.0000 0.0000 0.0000 0.0000 0.0000 0.0000 0.0000 0.0000
   17 0.0000 0.0000 0.0000 0.0000 0.0000 0.0000 0.0000 0.0000 0.0000 0.0000 0.0000 0.0000 0.0000 0.0000
   18 0.0000 0.0000 0.0000 0.0000 0.0000 0.0000 0.0000 0.0000 0.0000 0.0000 0.0000 0.0000 0.0000 0.0000
   19 0.0000 0.0000 0.0000 0.0000 0.0000 0.0000 0.0000 0.0000 0.0000 0.0000 0.0000 0.0000 0.0000 0.0000
   20 0.0000 0.0000 0.0000 0.0000 0.0000 0.0000 0.0000 0.0000 0.0000 0.0000 0.0000 0.0000 0.0000 0.0000
   21 0.0000 0.0000 0.0000 0.0000 0.0000 0.0000 0.0000 0.0000 0.0000 0.0000 0.0000 0.0000 0.0000 0.0000
   22 0.0000 0.0000 0.0000 0.0000 0.0000 0.0000 0.0000 0.0000 0.0000 0.0000 0.0000 0.0000 0.0000 0.0000
   23 0.0000 0.0000 0.0000 0.0000 0.0000 0.0000 0.0000 0.0000 0.0000 0.0000 0.0000 0.0000 0.0000 0.0000
   24 0.0000 0.0000 0.0000 0.0000 0.0000 0.0000 0.0000 0.0000 0.0000 0.0000 0.0000 0.0000 0.0000 0.0000
   25 0.0000 0.0000 0.0000 0.0000 0.0000 0.0000 0.0000 0.0000 0.0000 0.0000 0.0000 0.0000 0.0000 0.0000
   26 0.0000 0.0000 0.0000 0.0000 0.0000 0.0000 0.0000 0.0000 0.0000 0.0000 0.0000 0.0000 0.0000 0.0000
   27 0.0000 0.0000 0.0000 0.0000 0.0000 0.0000 0.0000 0.0000 0.0000 0.0000 0.0000 0.0000 0.0000 0.0000
   28 0.0000 0.0000 0.0000 0.0000 0.0000 0.0000 0.0000 0.0000 0.0000 0.0000 0.0000 0.0000 0.0000 0.0000
   29 0.0000 0.0000 0.0000 0.0000 0.0000 0.0000 0.0000 0.0000 0.0000 0.0000 0.0000 0.0000 0.0000 0.0000
   30 0.0000 0.0000 0.0000 0.0000 0.0000 0.0000 0.0000 0.0000 0.0000 0.0000 0.0000 0.0000 0.0000 0.0000
   31 0.0000 0.0000 0.0000 0.0000 0.0000 0.0000 0.0000 0.0000 0.0000 0.0000 0.0000 0.0000 0.0000 0.0000
   32 0.0000 0.0000 0.0000 0.0000 0.0000 0.0000 0.0000 0.0000 0.0000 0.0000 0.0000 0.0000 0.0000 0.0000
   33 0.0000 0.0000 0.0000 0.0000 0.0000 0.0000 0.0000 0.0000 0.0000 0.0000 0.0000 0.0000 0.0000 0.0000
    1 0.98 0.99 1.00 0.99 0.99 0.99 0.99 0.98 0.96 0.94 0.93 0.92 0.89 0.87
    2 0.98 0.99 1.00 0.99 0.99 0.99 0.99 0.98 0.96 0.94 0.93 0.92 0.89 0.87
    3 0.98 0.99 1.00 0.99 0.99 0.99 0.99 0.98 0.96 0.94 0.93 0.92 0.89 0.87
    4 0.98 0.99 1.00 0.99 0.99 0.99 0.99 0.98 0.96 0.94 0.93 0.92 0.89 0.87
    5 0.98 0.99 1.00 0.99 0.99 0.99 0.99 0.98 0.96 0.94 0.93 0.92 0.89 0.87
    6 0.98 0.99 1.00 0.99 0.99 0.99 0.99 0.98 0.96 0.94 0.93 0.92 0.89 0.87
    7 0.98 0.99 1.00 0.99 0.99 0.99 0.99 0.98 0.96 0.94 0.93 0.92 0.89 0.87
    8 0.98 0.99 1.00 0.99 0.99 0.99 0.99 0.98 0.96 0.94 0.93 0.92 0.89 0.87
    9 0.98 0.99 1.00 0.99 0.99 0.99 0.99 0.98 0.96 0.94 0.93 0.92 0.89 0.87
   10 0.98 0.99 1.00 0.99 0.99 0.99 0.99 0.98 0.96 0.94 0.93 0.92 0.89 0.87
   11 0.98 0.99 1.00 0.99 0.99 0.99 0.99 0.98 0.96 0.94 0.93 0.92 0.89 0.87
   12 0.98 0.99 1.00 0.99 0.99 0.99 0.99 0.98 0.96 0.94 0.93 0.92 0.89 0.87
   13 0.98 0.99 1.00 0.99 0.99 0.99 0.99 0.98 0.96 0.94 0.93 0.92 0.89 0.87
   14 0.98 0.99 1.00 0.99 0.99 0.99 0.99 0.98 0.96 0.94 0.93 0.92 0.89 0.87
   15 0.98 0.99 1.00 0.99 0.99 0.99 0.99 0.98 0.96 0.94 0.93 0.92 0.89 0.87
   16 0.98 0.99 1.00 0.99 0.99 0.99 0.99 0.98 0.96 0.94 0.93 0.92 0.89 0.87
   17 0.98 0.99 1.00 0.99 0.99 0.99 0.99 0.98 0.96 0.94 0.93 0.92 0.89 0.87
   18 0.98 0.99 1.00 0.99 0.99 0.99 0.99 0.98 0.96 0.94 0.93 0.92 0.89 0.87
   19 0.98 0.99 1.00 0.99 0.99 0.99 0.99 0.98 0.96 0.94 0.93 0.92 0.89 0.87
   20 0.98 0.99 1.00 0.99 0.99 0.99 0.99 0.98 0.96 0.94 0.93 0.92 0.89 0.87
   21 0.98 0.99 1.00 0.99 0.99 0.99 0.99 0.98 0.96 0.94 0.93 0.92 0.89 0.87
   22 0.98 0.99 1.00 0.99 0.99 0.99 0.99 0.98 0.96 0.94 0.93 0.92 0.89 0.87
   23 0.98 0.99 1.00 0.99 0.99 0.99 0.99 0.98 0.96 0.94 0.93 0.92 0.89 0.87
   24 0.98 0.99 1.00 0.99 0.99 0.99 0.99 0.98 0.96 0.94 0.93 0.92 0.89 0.87
   25 0.98 0.99 1.00 0.99 0.99 0.99 0.99 0.98 0.96 0.94 0.93 0.92 0.89 0.87
   26 0.98 0.99 1.00 0.99 0.99 0.99 0.99 0.98 0.96 0.94 0.93 0.92 0.89 0.87
   27 0.98 0.99 1.00 0.99 0.99 0.99 0.99 0.98 0.96 0.94 0.93 0.92 0.89 0.87
   28 0.98 0.99 1.00 0.99 0.99 0.99 0.99 0.98 0.96 0.94 0.93 0.92 0.89 0.87
   29 0.98 0.99 1.00 0.99 0.99 0.99 0.99 0.98 0.96 0.94 0.93 0.92 0.89 0.87
   30 0.98 0.99 1.00 0.99 0.99 0.99 0.99 0.98 0.96 0.94 0.93 0.92 0.89 0.87
   31 0.98 0.99 1.00 0.99 0.99 0.99 0.99 0.98 0.96 0.94 0.93 0.92 0.89 0.87
   32 0.98 0.99 1.00 0.99 0.99 0.99 0.99 0.98 0.96 0.94 0.93 0.92 0.89 0.87
   33 0.98 0.99 1.00 0.99 0.99 0.99 0.99 0.98 0.96 0.94 0.93 0.92 0.89 0.87
    1 0.70 0.70 0.69 0.68 0.68 0.67 0.68 0.69 0.73 0.75 0.77 0.79 0.78 0.74
    2 0.70 0.70 0.69 0.68 0.68 0.67 0.68 0.69 0.73 0.75 0.77 0.79 0.78 0.74
    3 0.70 0.70 0.69 0.68 0.68 0.67 0.68 0.69 0.73 0.75 0.77 0.79 0.78 0.74
    4 0.70 0.70 0.69 0.68 0.68 0.67 0.68 0.69 0.73 0.75 0.77 0.79 0.78 0.74
    5 0.70 0.70 0.69 0.68 0.68 0.67 0.68 0.69 0.73 0.75 0.77 0.79 0.78 0.74
    6 0.70 0.70 0.69 0.68 0.68 0.67 0.68 0.69 0.73 0.75 0.77 0.79 0.78 0.74
    7 0.70 0.70 0.69 0.68 0.68 0.67 0.68 0.69 0.73 0.75 0.77 0.79 0.78 0.74
    8 0.70 0.70 0.69 0.68 0.68 0.67 0.68 0.69 0.73 0.75 0.77 0.79 0.78 0.74
    9 0.70 0.70 0.69 0.68 0.68 0.67 0.68 0.69 0.73 0.75 0.77 0.79 0.78 0.74
   10 0.70 0.70 0.69 0.68 0.68 0.67 0.68 0.69 0.73 0.75 0.77 0.79 0.78 0.74
   11 0.70 0.70 0.69 0.68 0.68 0.67 0.68 0.69 0.73 0.75 0.77 0.79 0.78 0.74
   12 0.70 0.70 0.69 0.68 0.68 0.67 0.68 0.69 0.73 0.75 0.77 0.79 0.78 0.74
   13 0.70 0.70 0.69 0.68 0.68 0.67 0.68 0.69 0.73 0.75 0.77 0.79 0.78 0.74
   14 0.70 0.70 0.69 0.68 0.68 0.67 0.68 0.69 0.73 0.75 0.77 0.79 0.78 0.74
   15 0.70 0.70 0.69 0.68 0.68 0.67 0.68 0.69 0.73 0.75 0.77 0.79 0.78 0.74
   16 0.70 0.70 0.69 0.68 0.68 0.67 0.68 0.69 0.73 0.75 0.77 0.79 0.78 0.74
   17 0.70 0.70 0.69 0.68 0.68 0.67 0.68 0.69 0.73 0.75 0.77 0.79 0.78 0.74
   18 0.70 0.70 0.69 0.68 0.68 0.67 0.68 0.69 0.73 0.75 0.77 0.79 0.78 0.74
   19 0.70 0.70 0.69 0.68 0.68 0.67 0.68 0.69 0.73 0.75 0.77 0.79 0.78 0.74
   20 0.70 0.70 0.69 0.68 0.68 0.67 0.68 0.69 0.73 0.75 0.77 0.79 0.78 0.74
   21 0.70 0.70 0.69 0.68 0.68 0.67 0.68 0.69 0.73 0.75 0.77 0.79 0.78 0.74
   22 0.70 0.70 0.69 0.68 0.68 0.67 0.68 0.69 0.73 0.75 0.77 0.79 0.78 0.74
   23 0.70 0.70 0.69 0.68 0.68 0.67 0.68 0.69 0.73 0.75 0.77 0.79 0.78 0.74
   24 0.70 0.70 0.69 0.68 0.68 0.67 0.68 0.69 0.73 0.75 0.77 0.79 0.78 0.74
   25 0.70 0.70 0.69 0.68 0.68 0.67 0.68 0.69 0.73 0.75 0.77 0.79 0.78 0.74
   26 0.70 0.70 0.69 0.68 0.68 0.67 0.68 0.69 0.73 0.75 0.77 0.79 0.78 0.74
   27 0.70 0.70 0.69 0.68 0.68 0.67 0.68 0.69 0.73 0.75 0.77 0.79 0.78 0.74
   28 0.70 0.70 0.69 0.68 0.68 0.67 0.68 0.69 0.73 0.75 0.77 0.79 0.78 0.74
   29 0.70 0.70 0.69 0.68 0.68 0.67 0.68 0.69 0.73 0.75 0.77 0.79 0.78 0.74
   30 0.70 0.70 0.69 0.68 0.68 0.67 0.68 0.69 0.73 0.75 0.77 0.79 0.78 0.74
   31 0.70 0.70 0.69 0.68 0.68 0.67 0.68 0.69 0.73 0.75 0.77 0.79 0.78 0.74
   32 0.70 0.70 0.69 0.68 0.68 0.67 0.68 0.69 0.73 0.75 0.77 0.79 0.78 0.74
   33 0.70 0.70 0.69 0.68 0.68 0.67 0.68 0.69 0.73 0.75 0.77 0.79 0.78 0.74
%